19, 2, 20, 4, 14, 6, 17, 16, 1, 10, 11, 25, 9, 24, 15, 3, 7, 13, 12, 21, 18, 8, 23, 5, 22
7, 24, 4, 15, 25, 6, 11, 21, 3, 17, 2, 12, 22, 9, 16, 5, 14, 18, 8, 13, 1, 20, 23, 10, 19
1, 17, 3, 7, 19, 6, 21, 8, 22, 12, 15, 25, 11, 23, 4, 20, 5, 2, 10, 13, 18, 14, 16, 24, 9
18, 2, 19, 12, 5, 21, 15, 9, 16, 20, 7, 4, 25, 1, 23, 13, 17, 6, 22, 10, 3, 11, 24, 8, 14
10, 19, 11, 12, 21, 23, 25, 7, 22, 1, 15, 13, 20, 14, 18, 6, 17, 9, 4, 2, 8, 3, 16, 24, 5
19, 20, 14, 17, 5, 8, 10, 24, 21, 7, 23, 12, 13, 15, 4, 18, 11, 16, 3, 25, 22, 2, 9, 1, 6
1, 16, 17, 21, 18, 10, 7, 24, 14, 3, 9, 19, 2, 4, 6, 11, 25, 15, 12, 13, 23, 22, 20, 5, 8
10, 3, 9, 12, 15, 23, 13, 4, 2, 6, 8, 5, 1, 14, 22, 17, 11, 25, 7, 24, 16, 21, 19, 20, 18
9, 4, 12, 1, 5, 17, 20, 8, 22, 10, 3, 18, 6, 14, 15, 16, 24, 21, 23, 13, 25, 11, 2, 7, 19
19, 4, 2, 6, 11, 22, 17, 20, 23, 24, 10, 15, 21, 14, 12, 13, 18, 9, 3, 5, 7, 8, 1, 16, 25
8, 7, 17, 16, 9, 13, 6, 12, 14, 3, 21, 2, 10, 20, 15, 1, 19, 18, 22, 24, 11, 5, 23, 4, 25
1, 13, 10, 3, 18, 19, 17, 8, 24, 20, 16, 14, 15, 4, 9, 21, 25, 7, 11, 23, 12, 5, 6, 22, 2
20, 9, 16, 14, 11, 15, 23, 8, 13, 10, 21, 12, 7, 19, 6, 4, 3, 18, 24, 22, 25, 2, 1, 17, 5
2, 20, 15, 4, 7, 18, 23, 11, 16, 10, 1, 6, 12, 17, 9, 13, 5, 14, 21, 22, 24, 19, 25, 8, 3
6, 13, 3, 17, 10, 25, 7, 8, 22, 14, 18, 16, 23, 21, 15, 4, 2, 11, 19, 9, 12, 5, 20, 1, 24
1, 22, 18, 12, 2, 6, 9, 7, 17, 10, 3, 23, 21, 8, 16, 13, 15, 19, 11, 25, 14, 5, 24, 4, 20
5, 20, 23, 13, 6, 3, 25, 14, 11, 22, 9, 8, 4, 24, 7, 16, 17, 10, 18, 12, 21, 15, 2, 19, 1
19, 21, 23, 5, 20, 7, 22, 17, 12, 10, 15, 13, 1, 25, 11, 24, 8, 18, 3, 2, 6, 9, 14, 16, 4
16, 4, 14, 2, 10, 6, 24, 8, 21, 3, 5, 9, 12, 18, 25, 22, 1, 13, 19, 17, 23, 11, 7, 20, 15
11, 2, 6, 20, 17, 4, 21, 15, 22, 19, 3, 24, 16, 5, 13, 14, 9, 18, 10, 25, 23, 1, 12, 8, 7
9, 1, 23, 17, 7, 22, 12, 8, 13, 10, 3, 14, 19, 6, 20, 4, 24, 5, 25, 2, 21, 18, 11, 15, 16
24, 11, 20, 8, 10, 14, 16, 5, 15, 13, 21, 12, 22, 17, 19, 25, 7, 18, 4, 9, 2, 6, 23, 1, 3
6, 24, 3, 17, 23, 2, 7, 14, 18, 21, 12, 11, 13, 10, 1, 16, 4, 15, 22, 5, 8, 9, 20, 19, 25
12, 4, 10, 7, 19, 25, 17, 8, 9, 13, 6, 2, 24, 23, 14, 15, 22, 3, 18, 1, 11, 16, 21, 5, 20
22, 20, 3, 9, 10, 12, 2, 25, 8, 5, 11, 14, 13, 17, 21, 16, 23, 6, 24, 4, 15, 18, 7, 19, 1
22, 8, 25, 4, 24, 14, 1, 2, 11, 9, 13, 6, 5, 15, 19, 18, 23, 12, 16, 10, 3, 17, 7, 20, 21
11, 13, 6, 4, 1, 22, 7, 20, 3, 2, 23, 25, 9, 19, 18, 21, 17, 14, 10, 12, 5, 15, 8, 24, 16
1, 4, 20, 15, 5, 6, 7, 21, 9, 8, 19, 11, 10, 17, 25, 18, 12, 14, 23, 16, 24, 22, 3, 2, 13
2, 16, 13, 4, 14, 23, 19, 21, 11, 7, 8, 1, 5, 18, 15, 22, 25, 9, 6, 20, 24, 12, 17, 3, 10
24, 13, 5, 20, 10, 17, 9, 6, 11, 7, 19, 12, 1, 14, 18, 21, 15, 3, 4, 23, 16, 8, 22, 2, 25
11, 19, 16, 13, 24, 2, 17, 25, 3, 15, 23, 4, 7, 20, 6, 12, 8, 18, 14, 9, 21, 1, 5, 22, 10
20, 2, 9, 5, 7, 14, 19, 3, 15, 25, 12, 10, 16, 17, 11, 22, 6, 23, 1, 4, 8, 21, 18, 24, 13
24, 13, 3, 5, 22, 6, 20, 8, 9, 16, 11, 7, 4, 14, 15, 21, 23, 2, 25, 18, 10, 19, 12, 1, 17
21, 6, 5, 15, 11, 18, 3, 23, 20, 14, 16, 12, 22, 10, 7, 9, 17, 13, 2, 4, 1, 19, 8, 25, 24
1, 10, 17, 25, 12, 6, 16, 8, 7, 20, 14, 2, 23, 13, 9, 19, 22, 21, 5, 18, 11, 15, 24, 4, 3
1, 6, 14, 9, 20, 10, 25, 21, 12, 4, 3, 7, 15, 23, 18, 11, 2, 8, 19, 24, 16, 22, 17, 13, 5
17, 9, 3, 10, 4, 25, 7, 15, 11, 19, 22, 21, 24, 8, 14, 1, 2, 23, 5, 20, 13, 18, 6, 16, 12
1, 24, 17, 3, 5, 18, 15, 8, 21, 2, 20, 12, 9, 16, 7, 11, 22, 6, 13, 10, 25, 14, 19, 4, 23
18, 7, 8, 21, 10, 6, 12, 1, 16, 4, 17, 11, 13, 15, 24, 22, 5, 3, 19, 23, 9, 14, 25, 2, 20
24, 12, 18, 20, 9, 5, 15, 17, 7, 8, 3, 10, 21, 13, 23, 16, 22, 25, 11, 4, 2, 19, 6, 14, 1
12, 19, 1, 18, 25, 20, 22, 7, 8, 4, 2, 5, 9, 24, 23, 13, 3, 10, 15, 11, 21, 16, 6, 14, 17
21, 4, 19, 2, 14, 10, 17, 22, 11, 8, 6, 24, 15, 23, 20, 5, 12, 3, 18, 9, 1, 16, 13, 7, 25
16, 2, 8, 17, 12, 21, 1, 3, 22, 15, 10, 18, 13, 14, 4, 11, 20, 9, 6, 7, 23, 19, 5, 24, 25
1, 19, 5, 3, 12, 15, 25, 20, 9, 7, 24, 11, 13, 17, 8, 14, 16, 18, 2, 21, 22, 6, 10, 23, 4
1, 22, 20, 13, 2, 4, 16, 18, 23, 10, 14, 11, 21, 6, 19, 3, 15, 5, 9, 7, 12, 17, 8, 25, 24
23, 1, 20, 7, 24, 21, 5, 17, 10, 2, 13, 25, 15, 4, 3, 14, 8, 18, 19, 6, 16, 22, 9, 12, 11
3, 14, 24, 4, 18, 8, 2, 6, 9, 21, 5, 7, 12, 11, 22, 16, 25, 20, 13, 15, 23, 19, 1, 17, 10
22, 20, 19, 21, 4, 8, 7, 9, 2, 16, 14, 11, 12, 1, 23, 13, 15, 10, 3, 25, 6, 24, 18, 17, 5
1, 9, 2, 10, 23, 14, 7, 8, 15, 19, 3, 24, 12, 6, 25, 17, 5, 13, 11, 20, 16, 22, 18, 21, 4
5, 14, 6, 12, 3, 11, 7, 8, 9, 10, 16, 20, 13, 18, 17, 25, 23, 15, 1, 19, 21, 22, 4, 2, 24
7, 21, 10, 8, 13, 25, 19, 3, 15, 23, 11, 6, 22, 16, 9, 2, 5, 12, 4, 18, 1, 20, 17, 24, 14
1, 10, 9, 16, 19, 18, 15, 22, 17, 3, 5, 25, 20, 21, 13, 6, 4, 7, 12, 24, 23, 8, 2, 14, 11
15, 25, 5, 22, 10, 19, 7, 3, 1, 24, 8, 9, 12, 14, 2, 21, 17, 18, 23, 13, 6, 4, 16, 11, 20
8, 18, 20, 4, 7, 19, 5, 1, 9, 22, 15, 13, 17, 21, 10, 14, 2, 11, 23, 25, 6, 12, 24, 3, 16
14, 18, 24, 13, 5, 3, 11, 21, 10, 15, 7, 12, 17, 23, 8, 16, 1, 6, 19, 9, 2, 22, 20, 4, 25
11, 23, 7, 19, 20, 24, 16, 6, 3, 9, 2, 18, 13, 14, 5, 17, 25, 21, 22, 4, 1, 15, 12, 8, 10
8, 24, 18, 15, 22, 6, 10, 17, 7, 21, 11, 14, 13, 1, 4, 20, 3, 9, 19, 25, 12, 16, 5, 2, 23
4, 5, 10, 22, 19, 21, 7, 13, 23, 20, 2, 16, 6, 3, 8, 14, 17, 1, 15, 9, 11, 18, 24, 12, 25
20, 2, 3, 22, 5, 12, 19, 9, 6, 14, 10, 25, 15, 24, 7, 16, 8, 1, 11, 18, 21, 13, 23, 17, 4
8, 5, 3, 7, 13, 24, 20, 16, 1, 6, 11, 21, 15, 10, 2, 23, 17, 9, 12, 25, 22, 19, 14, 4, 18
21, 7, 14, 4, 5, 12, 18, 10, 17, 20, 1, 24, 8, 3, 15, 6, 23, 11, 25, 22, 16, 19, 9, 13, 2
11, 17, 25, 23, 5, 8, 24, 3, 6, 18, 19, 20, 1, 14, 21, 12, 4, 22, 10, 9, 13, 7, 2, 16, 15
2, 15, 10, 9, 16, 5, 12, 8, 23, 1, 11, 14, 24, 19, 13, 20, 3, 18, 17, 7, 21, 22, 25, 4, 6
1, 14, 3, 15, 24, 5, 8, 16, 21, 9, 20, 12, 17, 22, 25, 18, 10, 11, 4, 23, 19, 6, 13, 7, 2
24, 13, 8, 6, 5, 4, 1, 3, 16, 21, 25, 12, 20, 14, 17, 7, 19, 9, 10, 2, 18, 11, 23, 22, 15
14, 12, 2, 1, 4, 16, 11, 8, 5, 10, 15, 19, 20, 3, 13, 23, 17, 22, 21, 9, 7, 18, 25, 6, 24
18, 2, 15, 14, 5, 24, 3, 20, 23, 25, 9, 4, 12, 7, 10, 8, 16, 1, 17, 21, 19, 22, 6, 13, 11
17, 8, 1, 18, 11, 25, 16, 2, 20, 4, 3, 24, 12, 15, 22, 5, 14, 13, 6, 9, 10, 21, 23, 19, 7
10, 13, 17, 4, 20, 21, 5, 15, 25, 6, 22, 1, 24, 12, 3, 16, 9, 2, 19, 8, 18, 11, 7, 14, 23
2, 16, 5, 18, 24, 17, 14, 8, 20, 19, 11, 12, 6, 25, 15, 21, 22, 13, 4, 7, 9, 3, 1, 10, 23
1, 2, 6, 9, 5, 3, 21, 8, 14, 15, 4, 7, 16, 12, 10, 22, 20, 11, 19, 13, 18, 23, 24, 17, 25
18, 1, 6, 25, 19, 15, 23, 3, 9, 12, 17, 7, 13, 4, 24, 20, 5, 10, 22, 14, 21, 2, 11, 8, 16
8, 24, 18, 1, 5, 17, 23, 7, 3, 10, 21, 13, 2, 19, 6, 15, 20, 9, 4, 25, 14, 12, 22, 16, 11
9, 20, 2, 10, 6, 21, 12, 22, 17, 1, 11, 7, 3, 4, 19, 16, 5, 18, 25, 13, 23, 8, 24, 14, 15
18, 2, 3, 10, 11, 9, 19, 24, 5, 17, 6, 12, 13, 23, 1, 8, 4, 15, 16, 21, 20, 7, 25, 22, 14
8, 2, 5, 13, 20, 17, 7, 12, 6, 25, 10, 15, 1, 23, 24, 14, 22, 19, 21, 3, 4, 16, 11, 9, 18
10, 3, 2, 21, 22, 5, 13, 1, 7, 23, 18, 6, 4, 24, 15, 8, 14, 25, 19, 20, 16, 17, 11, 12, 9
25, 3, 18, 4, 8, 15, 24, 22, 9, 13, 6, 14, 16, 5, 19, 2, 17, 7, 10, 12, 11, 21, 23, 20, 1
15, 22, 20, 1, 14, 18, 11, 8, 25, 9, 7, 21, 13, 6, 23, 2, 10, 17, 19, 4, 3, 16, 12, 24, 5
4, 8, 10, 12, 6, 2, 16, 3, 1, 11, 5, 9, 15, 24, 7, 21, 25, 18, 19, 23, 17, 13, 22, 14, 20
3, 22, 13, 25, 23, 9, 12, 17, 18, 16, 11, 8, 7, 6, 15, 2, 19, 14, 4, 10, 21, 1, 24, 5, 20
1, 13, 14, 20, 8, 22, 17, 19, 5, 6, 16, 12, 11, 21, 18, 15, 3, 2, 9, 4, 10, 23, 7, 24, 25
17, 24, 13, 20, 5, 6, 7, 23, 18, 19, 22, 12, 3, 21, 9, 16, 2, 14, 11, 1, 10, 15, 8, 4, 25
23, 6, 22, 17, 13, 9, 16, 8, 10, 21, 1, 11, 5, 14, 19, 25, 15, 24, 7, 4, 20, 18, 12, 3, 2
20, 11, 7, 3, 2, 15, 21, 12, 9, 4, 13, 10, 17, 14, 16, 24, 6, 18, 5, 8, 1, 22, 23, 19, 25
9, 2, 6, 25, 4, 1, 15, 14, 24, 21, 10, 22, 13, 8, 16, 7, 17, 12, 19, 3, 20, 18, 23, 11, 5
10, 25, 7, 6, 4, 23, 24, 8, 1, 12, 17, 18, 22, 21, 15, 16, 20, 19, 14, 11, 5, 9, 3, 13, 2
13, 10, 25, 3, 16, 6, 4, 20, 9, 17, 7, 2, 5, 15, 19, 11, 14, 18, 24, 8, 21, 22, 12, 23, 1
24, 20, 10, 18, 23, 25, 22, 13, 4, 8, 7, 1, 9, 12, 15, 16, 3, 17, 19, 5, 14, 6, 11, 21, 2
17, 2, 3, 8, 15, 4, 16, 18, 23, 10, 6, 1, 7, 19, 11, 12, 25, 22, 14, 13, 9, 21, 5, 20, 24
3, 25, 5, 14, 6, 1, 8, 4, 9, 10, 18, 12, 21, 15, 2, 7, 17, 11, 13, 19, 20, 22, 23, 16, 24
20, 1, 4, 3, 23, 6, 2, 13, 22, 10, 21, 9, 16, 14, 18, 25, 5, 15, 24, 7, 8, 19, 17, 11, 12
15, 4, 3, 14, 20, 22, 7, 5, 1, 13, 19, 8, 24, 12, 11, 6, 17, 18, 21, 25, 2, 9, 23, 16, 10
22, 6, 4, 18, 8, 13, 17, 24, 20, 1, 11, 2, 25, 12, 14, 23, 15, 10, 19, 16, 9, 21, 3, 7, 5
3, 18, 17, 4, 12, 9, 14, 13, 1, 21, 24, 23, 15, 10, 11, 6, 22, 7, 19, 8, 25, 5, 20, 16, 2
2, 9, 13, 21, 23, 6, 17, 18, 1, 10, 4, 12, 3, 11, 19, 25, 8, 20, 5, 15, 7, 22, 16, 24, 14
1, 8, 25, 22, 5, 17, 13, 2, 14, 6, 7, 19, 3, 24, 15, 9, 4, 18, 10, 20, 11, 21, 12, 16, 23
10, 14, 5, 23, 3, 6, 25, 4, 21, 20, 16, 12, 11, 19, 1, 8, 17, 2, 22, 24, 18, 15, 9, 13, 7
10, 2, 3, 8, 5, 12, 9, 18, 4, 25, 22, 21, 16, 14, 23, 15, 24, 13, 1, 19, 6, 11, 20, 17, 7
1, 23, 24, 16, 5, 14, 6, 4, 9, 12, 11, 25, 20, 17, 3, 2, 13, 18, 7, 15, 19, 22, 21, 8, 10
