31, 96, 14, 33, 65, 83, 24, 99, 9, 93, 26, 44, 78, 12, 64, 53, 20, 58, 17, 82, 92, 94, 30, 100, 25, 75, 4, 28, 76, 56, 81, 84, 13, 34, 52, 62, 37, 40, 36, 3, 41, 21, 8, 50, 54, 47, 57, 49, 68, 70, 27, 6, 48, 79, 38, 2, 77, 11, 59, 16, 61, 43, 55, 23, 1, 66, 67, 39, 46, 22, 42, 72, 63, 95, 80, 29, 35, 15, 7, 88, 73, 90, 32, 60, 85, 71, 87, 97, 89, 5, 91, 18, 51, 19, 74, 98, 45, 86, 69, 10
80, 52, 41, 30, 34, 62, 95, 72, 1, 31, 22, 92, 11, 77, 65, 38, 47, 90, 32, 10, 57, 8, 83, 51, 93, 26, 75, 4, 53, 67, 97, 27, 79, 9, 82, 37, 36, 61, 54, 45, 76, 17, 42, 6, 12, 48, 29, 96, 49, 69, 25, 7, 94, 84, 71, 56, 18, 58, 100, 60, 43, 55, 85, 20, 73, 88, 2, 68, 13, 24, 63, 66, 39, 99, 15, 35, 50, 78, 28, 19, 14, 3, 70, 33, 86, 59, 40, 74, 89, 21, 91, 16, 81, 98, 46, 87, 5, 64, 44, 23
53, 2, 89, 52, 38, 10, 7, 32, 59, 71, 21, 45, 57, 77, 95, 75, 31, 18, 78, 61, 60, 22, 19, 54, 69, 43, 46, 3, 56, 30, 23, 48, 82, 34, 35, 16, 94, 74, 6, 96, 25, 90, 1, 13, 9, 41, 47, 14, 17, 100, 5, 39, 27, 36, 26, 66, 73, 67, 37, 11, 88, 64, 63, 12, 55, 99, 97, 91, 81, 24, 68, 72, 44, 15, 84, 76, 8, 83, 98, 51, 70, 92, 85, 29, 62, 86, 87, 42, 58, 4, 65, 79, 93, 28, 49, 33, 80, 20, 40, 50
1, 61, 55, 66, 27, 100, 22, 8, 36, 38, 19, 12, 44, 68, 93, 58, 86, 53, 52, 9, 90, 88, 20, 57, 30, 11, 32, 65, 43, 29, 85, 16, 33, 95, 84, 23, 99, 74, 24, 25, 83, 7, 48, 49, 97, 3, 47, 5, 70, 71, 51, 75, 14, 54, 72, 17, 34, 91, 59, 94, 40, 21, 63, 35, 77, 56, 67, 2, 64, 60, 50, 13, 76, 73, 45, 31, 96, 41, 79, 98, 81, 39, 80, 82, 78, 6, 42, 37, 89, 62, 18, 92, 15, 4, 69, 28, 87, 46, 10, 26
74, 18, 17, 8, 57, 15, 48, 47, 43, 41, 11, 12, 33, 13, 86, 99, 40, 81, 96, 34, 44, 22, 23, 70, 25, 27, 19, 14, 51, 16, 35, 32, 37, 4, 73, 72, 69, 50, 94, 7, 38, 76, 79, 24, 45, 46, 80, 95, 39, 84, 26, 85, 65, 10, 89, 42, 1, 58, 36, 68, 78, 62, 63, 87, 83, 66, 9, 6, 5, 2, 67, 100, 28, 29, 75, 97, 49, 90, 59, 92, 56, 31, 54, 82, 55, 52, 93, 88, 60, 77, 98, 64, 20, 53, 61, 30, 71, 91, 21, 3
10, 74, 25, 85, 42, 75, 73, 8, 24, 12, 1, 38, 27, 58, 32, 84, 62, 39, 83, 20, 16, 28, 9, 93, 67, 22, 33, 14, 44, 7, 80, 46, 82, 66, 21, 51, 11, 2, 89, 40, 29, 45, 95, 13, 48, 23, 57, 98, 91, 50, 19, 5, 31, 78, 26, 43, 86, 18, 3, 52, 4, 68, 100, 64, 55, 92, 76, 35, 69, 60, 71, 15, 77, 30, 6, 53, 36, 59, 97, 56, 81, 87, 65, 79, 37, 61, 63, 88, 41, 90, 34, 72, 54, 94, 17, 96, 70, 49, 99, 47
56, 63, 3, 4, 13, 58, 45, 39, 8, 71, 46, 53, 81, 72, 36, 85, 26, 74, 32, 23, 54, 90, 59, 69, 78, 50, 27, 52, 88, 95, 5, 1, 7, 67, 41, 20, 91, 100, 14, 9, 73, 21, 43, 17, 31, 42, 66, 24, 49, 40, 86, 83, 44, 55, 97, 82, 57, 75, 10, 34, 61, 62, 29, 96, 35, 37, 6, 28, 33, 77, 93, 92, 76, 25, 19, 22, 30, 47, 79, 80, 64, 60, 11, 68, 16, 70, 65, 84, 87, 18, 48, 38, 2, 94, 51, 15, 89, 98, 99, 12
33, 86, 66, 1, 99, 59, 13, 44, 87, 74, 30, 12, 48, 73, 51, 50, 17, 65, 35, 15, 92, 90, 98, 38, 14, 80, 18, 61, 23, 62, 85, 64, 3, 31, 96, 39, 16, 77, 32, 37, 10, 27, 29, 67, 45, 57, 81, 21, 22, 42, 94, 5, 40, 82, 97, 43, 58, 11, 6, 60, 78, 4, 72, 63, 100, 69, 7, 56, 20, 68, 52, 70, 36, 25, 79, 76, 53, 54, 55, 8, 47, 28, 83, 34, 91, 2, 9, 89, 24, 19, 49, 71, 93, 46, 95, 88, 26, 75, 41, 84
3, 20, 83, 64, 77, 84, 7, 5, 38, 6, 11, 12, 51, 99, 55, 16, 29, 18, 58, 2, 93, 73, 25, 82, 4, 96, 9, 28, 46, 42, 92, 23, 15, 19, 27, 36, 31, 62, 13, 8, 86, 70, 43, 24, 54, 17, 47, 52, 50, 56, 76, 26, 67, 94, 68, 53, 57, 10, 80, 60, 90, 44, 63, 48, 89, 65, 85, 49, 69, 45, 97, 71, 21, 40, 75, 1, 88, 78, 79, 59, 61, 95, 41, 14, 37, 32, 81, 91, 34, 72, 30, 39, 22, 74, 98, 35, 33, 87, 66, 100
92, 94, 3, 4, 13, 55, 7, 2, 22, 59, 53, 67, 78, 39, 66, 60, 97, 1, 10, 20, 79, 35, 23, 31, 52, 12, 8, 11, 29, 48, 76, 21, 27, 32, 77, 54, 96, 38, 74, 40, 41, 99, 57, 65, 9, 6, 34, 30, 51, 80, 25, 68, 62, 46, 90, 72, 15, 81, 36, 43, 83, 69, 98, 45, 33, 84, 71, 28, 64, 70, 85, 95, 49, 88, 24, 100, 50, 47, 18, 26, 44, 82, 19, 61, 63, 91, 87, 16, 89, 56, 42, 14, 93, 86, 58, 37, 5, 17, 73, 75
20, 58, 3, 34, 49, 57, 28, 7, 53, 10, 52, 79, 16, 63, 84, 15, 17, 91, 31, 56, 41, 81, 54, 9, 27, 4, 18, 85, 29, 82, 51, 64, 30, 70, 59, 87, 68, 76, 90, 40, 35, 42, 43, 37, 95, 2, 24, 60, 46, 66, 80, 44, 77, 23, 5, 1, 13, 39, 55, 48, 6, 26, 78, 32, 14, 73, 67, 65, 11, 38, 92, 83, 97, 71, 45, 8, 61, 74, 12, 94, 98, 21, 86, 100, 96, 69, 25, 88, 89, 62, 47, 99, 93, 19, 72, 22, 75, 33, 50, 36
46, 85, 100, 51, 83, 19, 41, 9, 39, 88, 50, 66, 13, 16, 22, 7, 54, 18, 6, 27, 21, 42, 91, 17, 8, 26, 69, 89, 29, 67, 23, 1, 53, 34, 15, 77, 86, 60, 20, 40, 33, 28, 25, 71, 45, 99, 97, 90, 10, 12, 59, 96, 74, 62, 14, 56, 36, 30, 11, 92, 44, 75, 32, 80, 4, 79, 3, 78, 38, 93, 48, 68, 76, 52, 81, 65, 58, 61, 73, 49, 57, 82, 72, 31, 70, 87, 84, 24, 37, 5, 55, 2, 35, 94, 95, 63, 47, 98, 64, 43
2, 11, 81, 32, 53, 75, 7, 8, 33, 9, 45, 36, 72, 87, 62, 25, 44, 18, 19, 31, 21, 22, 51, 85, 70, 60, 38, 28, 10, 52, 17, 16, 80, 35, 20, 89, 77, 76, 39, 23, 42, 41, 24, 99, 27, 46, 78, 90, 15, 97, 47, 30, 4, 55, 98, 56, 100, 14, 59, 57, 61, 65, 63, 3, 93, 73, 5, 94, 69, 67, 37, 84, 48, 58, 49, 86, 96, 50, 79, 34, 54, 64, 83, 40, 43, 66, 6, 88, 1, 82, 29, 12, 74, 71, 95, 26, 13, 92, 68, 91
89, 73, 57, 19, 5, 83, 44, 17, 97, 95, 79, 56, 15, 59, 98, 46, 64, 18, 55, 1, 42, 49, 23, 14, 99, 43, 4, 21, 68, 48, 39, 22, 6, 66, 3, 38, 20, 35, 69, 40, 78, 2, 26, 88, 32, 36, 92, 93, 45, 53, 51, 9, 12, 16, 25, 33, 37, 70, 47, 60, 61, 62, 31, 13, 10, 86, 67, 29, 30, 82, 71, 72, 52, 11, 7, 100, 77, 34, 65, 80, 58, 24, 54, 84, 8, 75, 87, 41, 27, 63, 91, 94, 74, 81, 90, 96, 28, 85, 76, 50
24, 33, 57, 4, 5, 41, 2, 14, 18, 54, 15, 12, 35, 82, 65, 8, 49, 96, 19, 72, 27, 30, 13, 94, 83, 71, 25, 43, 68, 59, 90, 84, 89, 74, 48, 44, 67, 80, 36, 37, 32, 42, 16, 26, 11, 52, 20, 34, 23, 73, 51, 6, 22, 9, 55, 38, 78, 79, 66, 21, 53, 93, 91, 10, 50, 81, 60, 76, 69, 70, 58, 47, 40, 97, 75, 46, 85, 63, 29, 56, 28, 17, 39, 61, 100, 86, 87, 88, 62, 31, 45, 92, 7, 99, 95, 77, 64, 98, 1, 3
1, 50, 41, 54, 34, 52, 7, 76, 12, 57, 49, 38, 44, 98, 67, 31, 77, 100, 32, 68, 53, 30, 21, 24, 25, 17, 43, 28, 71, 22, 13, 39, 33, 11, 10, 36, 72, 85, 2, 40, 88, 42, 5, 89, 15, 46, 80, 81, 23, 66, 62, 93, 51, 18, 3, 59, 8, 86, 56, 78, 73, 16, 48, 82, 83, 27, 84, 64, 47, 70, 97, 55, 9, 63, 96, 29, 90, 35, 69, 6, 65, 60, 37, 14, 87, 61, 95, 26, 74, 79, 91, 92, 4, 58, 20, 75, 19, 94, 99, 45
79, 65, 3, 62, 5, 6, 21, 8, 18, 10, 91, 32, 96, 47, 17, 64, 9, 14, 37, 20, 36, 46, 74, 38, 76, 2, 59, 61, 49, 30, 88, 97, 25, 34, 43, 68, 40, 75, 39, 31, 41, 22, 93, 44, 24, 42, 7, 89, 48, 77, 51, 86, 15, 94, 55, 60, 57, 58, 73, 4, 27, 23, 29, 54, 63, 33, 84, 71, 87, 19, 13, 72, 11, 90, 56, 53, 16, 45, 95, 100, 26, 82, 83, 80, 85, 50, 12, 69, 99, 52, 35, 92, 70, 81, 1, 28, 78, 98, 67, 66
39, 69, 100, 83, 16, 80, 42, 94, 48, 9, 11, 61, 28, 8, 5, 66, 77, 18, 30, 20, 40, 41, 23, 24, 32, 26, 76, 73, 19, 68, 60, 44, 33, 17, 55, 46, 52, 38, 1, 4, 31, 75, 57, 51, 87, 79, 15, 89, 81, 93, 13, 85, 3, 12, 2, 96, 82, 71, 50, 25, 63, 99, 72, 59, 29, 64, 91, 43, 35, 74, 37, 67, 7, 62, 78, 34, 47, 95, 49, 70, 22, 54, 27, 10, 65, 21, 45, 88, 84, 90, 86, 92, 58, 14, 56, 36, 97, 98, 6, 53
29, 86, 15, 3, 84, 50, 59, 83, 24, 2, 1, 23, 13, 16, 65, 98, 38, 51, 22, 10, 73, 20, 70, 57, 25, 45, 19, 41, 76, 69, 55, 82, 85, 34, 28, 36, 6, 75, 61, 99, 43, 44, 72, 68, 37, 78, 88, 48, 26, 4, 97, 52, 54, 89, 39, 31, 14, 93, 7, 74, 40, 5, 27, 18, 30, 66, 67, 64, 32, 33, 49, 71, 17, 60, 95, 46, 53, 81, 87, 80, 12, 58, 56, 90, 77, 35, 79, 47, 8, 42, 91, 92, 100, 94, 11, 96, 21, 9, 62, 63
25, 47, 73, 45, 26, 98, 93, 70, 15, 83, 11, 12, 13, 89, 46, 49, 17, 78, 59, 20, 21, 16, 23, 65, 55, 71, 27, 22, 97, 39, 72, 61, 6, 69, 35, 68, 56, 38, 34, 40, 54, 42, 75, 2, 84, 28, 76, 57, 18, 33, 51, 30, 60, 43, 19, 91, 85, 82, 4, 36, 9, 79, 7, 64, 74, 66, 88, 86, 99, 77, 92, 29, 67, 96, 44, 41, 95, 62, 1, 3, 81, 63, 87, 32, 48, 5, 100, 58, 10, 90, 50, 80, 53, 94, 8, 24, 52, 14, 31, 37
58, 99, 20, 28, 5, 14, 9, 46, 65, 41, 52, 12, 83, 72, 59, 84, 98, 11, 89, 69, 18, 47, 23, 82, 68, 43, 74, 73, 75, 62, 31, 7, 6, 96, 77, 67, 88, 19, 25, 53, 80, 42, 30, 37, 2, 48, 26, 60, 66, 50, 78, 35, 40, 90, 55, 92, 49, 87, 97, 61, 32, 51, 63, 57, 39, 54, 8, 85, 1, 16, 10, 64, 29, 27, 70, 95, 76, 81, 79, 21, 93, 56, 4, 17, 13, 24, 3, 36, 44, 33, 91, 15, 86, 94, 34, 71, 45, 38, 100, 22
19, 40, 65, 4, 99, 49, 60, 80, 5, 59, 11, 88, 47, 7, 15, 16, 81, 18, 23, 39, 71, 96, 31, 24, 66, 56, 35, 21, 29, 73, 74, 82, 52, 91, 9, 51, 27, 95, 33, 57, 17, 77, 69, 12, 45, 8, 14, 48, 37, 46, 58, 55, 100, 84, 97, 6, 10, 54, 64, 63, 61, 62, 89, 36, 44, 2, 53, 79, 94, 70, 28, 32, 43, 1, 93, 25, 26, 78, 90, 22, 67, 34, 83, 20, 85, 86, 87, 38, 72, 75, 68, 92, 13, 50, 41, 42, 30, 76, 3, 98
1, 34, 100, 88, 51, 61, 7, 36, 42, 10, 86, 79, 77, 69, 52, 30, 82, 59, 12, 20, 89, 76, 83, 97, 24, 40, 5, 25, 78, 87, 46, 50, 55, 92, 15, 8, 41, 23, 47, 11, 67, 16, 57, 6, 45, 39, 62, 73, 2, 93, 4, 91, 29, 13, 75, 56, 43, 84, 33, 90, 63, 65, 9, 64, 99, 81, 48, 68, 74, 71, 17, 72, 28, 54, 98, 58, 32, 53, 85, 80, 18, 14, 31, 44, 60, 66, 21, 19, 3, 70, 35, 37, 38, 94, 95, 96, 22, 49, 26, 27
1, 92, 98, 46, 61, 6, 11, 34, 75, 10, 4, 69, 82, 94, 56, 29, 42, 58, 27, 19, 21, 22, 89, 24, 100, 9, 20, 59, 44, 64, 85, 23, 33, 79, 35, 55, 77, 80, 39, 49, 72, 51, 3, 67, 63, 37, 47, 65, 54, 50, 14, 96, 7, 25, 26, 2, 68, 78, 28, 87, 60, 57, 36, 97, 40, 15, 86, 62, 12, 70, 31, 53, 5, 74, 71, 32, 76, 95, 45, 16, 13, 17, 93, 30, 8, 66, 52, 88, 73, 90, 91, 38, 84, 83, 48, 99, 41, 43, 18, 81
38, 29, 98, 9, 90, 6, 21, 10, 82, 97, 34, 65, 14, 71, 59, 16, 46, 84, 55, 28, 60, 5, 94, 72, 33, 23, 81, 88, 53, 42, 31, 63, 8, 30, 78, 75, 77, 45, 70, 47, 100, 99, 96, 58, 86, 22, 7, 93, 89, 50, 61, 66, 2, 80, 36, 24, 64, 39, 73, 18, 41, 69, 44, 67, 37, 12, 1, 68, 20, 52, 85, 35, 15, 79, 11, 40, 56, 27, 57, 74, 49, 32, 83, 43, 17, 4, 87, 76, 62, 25, 13, 92, 48, 3, 95, 91, 54, 26, 19, 51
91, 46, 3, 58, 55, 74, 52, 78, 15, 84, 11, 12, 51, 75, 43, 16, 17, 29, 89, 7, 18, 92, 59, 24, 33, 6, 35, 87, 57, 82, 64, 23, 19, 76, 27, 88, 99, 26, 39, 21, 14, 53, 50, 31, 25, 65, 49, 94, 5, 93, 66, 20, 69, 54, 41, 10, 30, 95, 63, 2, 61, 83, 56, 62, 37, 98, 32, 68, 72, 70, 44, 71, 73, 28, 13, 45, 77, 8, 79, 81, 48, 40, 36, 100, 97, 67, 86, 47, 85, 90, 1, 80, 38, 9, 22, 96, 42, 60, 4, 34
26, 2, 66, 91, 18, 6, 45, 8, 78, 83, 68, 1, 90, 21, 50, 46, 65, 98, 19, 88, 97, 87, 76, 79, 40, 15, 27, 22, 80, 58, 35, 20, 33, 23, 70, 86, 28, 38, 57, 43, 41, 60, 75, 36, 29, 9, 32, 94, 63, 82, 47, 52, 53, 54, 95, 56, 13, 74, 67, 37, 85, 62, 42, 49, 31, 39, 30, 44, 51, 25, 59, 55, 81, 24, 77, 12, 34, 64, 16, 3, 73, 93, 14, 84, 89, 11, 72, 10, 5, 48, 71, 92, 7, 61, 17, 96, 4, 100, 99, 69
30, 67, 22, 82, 7, 40, 68, 46, 90, 62, 11, 50, 98, 95, 18, 31, 53, 23, 35, 20, 36, 56, 84, 96, 60, 59, 99, 37, 51, 55, 41, 77, 33, 21, 25, 17, 28, 48, 80, 2, 63, 14, 73, 42, 89, 86, 9, 76, 88, 71, 97, 24, 64, 54, 1, 94, 15, 6, 5, 66, 32, 29, 93, 34, 91, 13, 83, 19, 3, 26, 61, 72, 44, 74, 75, 87, 70, 57, 38, 52, 85, 8, 69, 65, 49, 58, 79, 10, 27, 16, 45, 12, 39, 92, 43, 81, 47, 4, 78, 100
1, 87, 82, 4, 84, 6, 63, 5, 34, 10, 49, 75, 12, 14, 56, 89, 98, 9, 93, 17, 36, 48, 47, 78, 90, 92, 85, 67, 77, 72, 96, 38, 86, 83, 45, 79, 33, 8, 23, 37, 3, 44, 59, 18, 62, 60, 100, 31, 81, 27, 53, 88, 21, 50, 24, 7, 80, 51, 57, 46, 43, 20, 28, 64, 65, 99, 73, 2, 70, 13, 71, 52, 39, 74, 68, 76, 29, 95, 41, 55, 11, 58, 35, 61, 30, 32, 66, 54, 91, 25, 16, 40, 19, 26, 22, 69, 97, 94, 15, 42
91, 90, 86, 74, 27, 82, 49, 98, 9, 84, 87, 83, 94, 14, 70, 16, 17, 54, 31, 92, 15, 22, 24, 47, 93, 53, 59, 8, 29, 64, 34, 68, 50, 62, 35, 38, 96, 46, 37, 63, 73, 42, 69, 44, 81, 6, 55, 21, 76, 99, 33, 52, 79, 5, 3, 48, 20, 58, 28, 60, 61, 56, 18, 30, 85, 43, 67, 72, 88, 80, 40, 32, 10, 78, 11, 7, 45, 66, 25, 1, 95, 97, 36, 57, 100, 23, 4, 71, 89, 39, 41, 26, 51, 13, 12, 75, 2, 77, 65, 19
17, 53, 7, 35, 32, 91, 96, 45, 44, 10, 94, 82, 9, 14, 26, 50, 1, 18, 88, 43, 78, 73, 23, 79, 56, 15, 98, 68, 42, 60, 87, 71, 8, 85, 75, 95, 27, 19, 66, 61, 92, 3, 28, 70, 33, 6, 4, 21, 2, 80, 30, 24, 86, 97, 48, 65, 63, 81, 59, 51, 5, 39, 31, 90, 36, 62, 52, 46, 69, 20, 12, 72, 55, 54, 47, 76, 41, 89, 58, 40, 38, 37, 49, 77, 29, 25, 34, 84, 93, 74, 16, 13, 64, 11, 83, 22, 57, 67, 99, 100
50, 19, 61, 26, 9, 59, 20, 21, 79, 2, 99, 12, 85, 1, 97, 60, 30, 18, 71, 90, 29, 93, 78, 3, 88, 63, 83, 73, 57, 6, 17, 32, 86, 34, 70, 56, 42, 76, 33, 40, 91, 5, 80, 23, 11, 46, 100, 48, 49, 62, 51, 52, 16, 81, 67, 31, 65, 35, 25, 10, 69, 13, 58, 14, 27, 43, 95, 41, 39, 8, 55, 7, 28, 87, 45, 24, 77, 15, 92, 38, 37, 84, 72, 54, 74, 94, 44, 47, 89, 36, 53, 66, 22, 4, 82, 96, 68, 98, 75, 64
77, 42, 59, 92, 87, 88, 61, 16, 75, 81, 46, 45, 44, 21, 6, 55, 66, 18, 96, 78, 31, 43, 80, 30, 98, 47, 86, 50, 73, 97, 2, 58, 74, 22, 10, 1, 37, 12, 93, 40, 94, 54, 67, 19, 25, 91, 38, 14, 15, 100, 51, 76, 28, 82, 60, 20, 53, 32, 26, 9, 48, 62, 39, 24, 7, 64, 35, 83, 33, 70, 17, 13, 29, 3, 4, 52, 85, 36, 79, 23, 65, 68, 11, 84, 69, 27, 72, 41, 63, 90, 89, 49, 5, 8, 95, 71, 34, 56, 99, 57
13, 82, 25, 87, 39, 46, 81, 27, 67, 78, 22, 3, 42, 85, 23, 43, 29, 45, 80, 20, 93, 71, 48, 89, 34, 24, 37, 40, 2, 64, 31, 75, 99, 16, 17, 88, 49, 38, 26, 8, 96, 12, 58, 41, 51, 35, 47, 90, 59, 76, 70, 1, 50, 60, 6, 56, 57, 73, 15, 100, 65, 62, 63, 77, 61, 18, 5, 68, 55, 84, 44, 9, 14, 94, 21, 69, 30, 83, 7, 32, 52, 11, 86, 10, 98, 95, 19, 28, 92, 97, 66, 36, 53, 74, 79, 72, 91, 54, 33, 4
1, 27, 5, 30, 90, 93, 7, 64, 51, 40, 72, 96, 8, 14, 3, 16, 92, 18, 26, 20, 52, 77, 86, 28, 12, 95, 15, 39, 31, 67, 10, 32, 89, 36, 35, 55, 69, 9, 22, 59, 50, 42, 43, 74, 98, 24, 23, 91, 13, 47, 19, 79, 53, 80, 97, 61, 38, 58, 99, 33, 84, 62, 25, 60, 87, 34, 76, 44, 37, 63, 71, 46, 73, 2, 75, 4, 57, 6, 68, 54, 81, 82, 11, 17, 41, 21, 65, 88, 56, 49, 29, 45, 78, 83, 85, 94, 66, 70, 48, 100
1, 89, 21, 95, 82, 54, 79, 85, 32, 33, 11, 19, 73, 14, 29, 61, 62, 41, 57, 63, 35, 22, 75, 24, 96, 64, 27, 23, 45, 51, 47, 44, 10, 65, 43, 36, 37, 38, 25, 72, 3, 42, 12, 31, 60, 30, 39, 68, 94, 2, 4, 9, 90, 83, 71, 15, 74, 34, 59, 78, 16, 48, 5, 99, 18, 58, 69, 67, 7, 49, 93, 40, 46, 86, 87, 76, 17, 53, 20, 55, 81, 28, 70, 84, 80, 77, 56, 6, 50, 13, 91, 92, 66, 26, 88, 8, 97, 98, 52, 100
47, 17, 19, 52, 51, 38, 35, 50, 9, 14, 31, 73, 25, 10, 15, 57, 69, 54, 99, 81, 92, 43, 23, 1, 21, 11, 70, 24, 29, 48, 97, 84, 27, 6, 85, 33, 37, 93, 5, 79, 76, 42, 2, 72, 62, 40, 28, 32, 95, 22, 53, 82, 78, 90, 8, 56, 86, 74, 59, 89, 20, 66, 63, 64, 36, 58, 4, 55, 3, 18, 68, 67, 83, 96, 41, 45, 77, 88, 61, 65, 39, 26, 60, 46, 12, 98, 7, 44, 49, 34, 91, 75, 80, 94, 30, 16, 71, 87, 13, 100
27, 47, 3, 54, 66, 76, 18, 35, 59, 73, 4, 57, 13, 16, 89, 86, 17, 23, 90, 37, 80, 96, 1, 85, 81, 26, 87, 42, 29, 63, 15, 58, 46, 14, 82, 36, 20, 38, 19, 6, 32, 62, 43, 11, 88, 40, 67, 79, 53, 50, 12, 68, 49, 84, 91, 56, 24, 48, 7, 60, 100, 8, 31, 64, 45, 25, 65, 30, 5, 70, 41, 69, 97, 74, 75, 71, 77, 78, 61, 21, 83, 99, 9, 34, 44, 55, 51, 28, 33, 22, 2, 92, 93, 94, 95, 10, 72, 98, 52, 39
50, 32, 3, 85, 97, 39, 42, 74, 78, 23, 5, 18, 14, 80, 15, 83, 89, 63, 7, 19, 21, 58, 11, 24, 25, 26, 90, 88, 51, 44, 40, 22, 94, 12, 30, 57, 37, 71, 62, 95, 41, 28, 68, 53, 38, 45, 93, 10, 75, 34, 27, 82, 49, 79, 64, 48, 76, 99, 59, 54, 6, 31, 4, 98, 65, 13, 55, 47, 69, 9, 1, 43, 73, 36, 61, 20, 96, 56, 84, 60, 8, 91, 92, 100, 81, 66, 17, 52, 87, 86, 2, 46, 72, 67, 77, 16, 29, 33, 70, 35
1, 18, 3, 71, 15, 16, 28, 53, 9, 69, 22, 91, 13, 64, 98, 57, 99, 34, 59, 68, 76, 90, 38, 24, 93, 46, 14, 26, 94, 19, 33, 32, 74, 77, 35, 95, 29, 83, 84, 58, 67, 41, 10, 56, 45, 48, 6, 89, 54, 50, 51, 39, 23, 49, 92, 72, 11, 25, 2, 8, 79, 62, 27, 65, 12, 44, 20, 82, 21, 7, 81, 36, 30, 42, 66, 70, 17, 5, 61, 37, 88, 78, 47, 31, 85, 86, 52, 73, 63, 75, 60, 87, 43, 80, 55, 96, 97, 4, 40, 100
41, 26, 40, 85, 93, 80, 98, 48, 66, 13, 54, 43, 64, 7, 15, 23, 52, 53, 69, 28, 78, 37, 67, 58, 86, 55, 81, 50, 39, 46, 88, 57, 87, 21, 32, 63, 83, 25, 4, 56, 14, 42, 9, 44, 45, 73, 65, 97, 96, 68, 51, 18, 27, 75, 17, 3, 35, 92, 100, 12, 89, 62, 36, 72, 47, 24, 76, 33, 30, 2, 95, 70, 59, 74, 91, 79, 38, 22, 60, 11, 29, 90, 19, 84, 94, 6, 8, 61, 71, 49, 20, 10, 34, 16, 1, 77, 82, 5, 99, 31
67, 9, 12, 70, 52, 6, 19, 50, 96, 62, 47, 18, 5, 2, 94, 84, 83, 37, 85, 4, 78, 65, 60, 3, 31, 49, 64, 21, 7, 30, 1, 72, 26, 76, 87, 66, 17, 33, 39, 55, 59, 42, 92, 44, 25, 97, 15, 48, 45, 40, 63, 57, 98, 38, 23, 35, 16, 13, 41, 51, 90, 56, 95, 8, 22, 81, 20, 68, 69, 29, 27, 71, 54, 74, 46, 88, 99, 14, 79, 32, 53, 82, 89, 73, 58, 86, 11, 80, 61, 75, 91, 100, 93, 36, 28, 10, 24, 43, 77, 34
43, 9, 3, 36, 21, 39, 30, 8, 2, 86, 11, 54, 13, 15, 91, 23, 33, 49, 22, 83, 7, 48, 52, 97, 75, 87, 90, 40, 69, 53, 68, 26, 16, 6, 12, 58, 34, 70, 79, 28, 41, 4, 92, 64, 45, 57, 98, 85, 17, 96, 51, 81, 67, 73, 56, 1, 27, 24, 59, 60, 61, 95, 10, 29, 14, 44, 88, 47, 62, 38, 31, 89, 100, 20, 63, 65, 50, 78, 71, 5, 19, 82, 80, 66, 25, 72, 37, 74, 35, 84, 42, 18, 93, 94, 77, 46, 76, 55, 99, 32
20, 96, 1, 4, 30, 52, 90, 8, 41, 72, 44, 81, 77, 2, 23, 33, 45, 16, 19, 6, 95, 22, 78, 15, 3, 74, 27, 99, 59, 50, 63, 13, 7, 48, 80, 43, 86, 14, 18, 91, 29, 51, 93, 56, 73, 84, 47, 70, 68, 9, 64, 17, 31, 54, 94, 58, 87, 40, 24, 69, 71, 62, 35, 42, 36, 66, 67, 25, 83, 76, 10, 53, 21, 39, 98, 60, 26, 46, 55, 34, 37, 65, 12, 82, 85, 92, 57, 88, 61, 11, 28, 5, 38, 32, 79, 89, 97, 49, 75, 100
10, 36, 11, 83, 30, 78, 76, 85, 17, 31, 40, 16, 58, 32, 64, 100, 92, 18, 65, 60, 94, 87, 12, 62, 49, 74, 3, 44, 28, 26, 55, 96, 86, 22, 93, 5, 41, 70, 29, 2, 59, 54, 66, 57, 80, 1, 39, 48, 14, 82, 51, 52, 38, 42, 90, 24, 97, 35, 27, 47, 61, 56, 53, 20, 77, 43, 67, 25, 69, 98, 19, 6, 73, 99, 75, 7, 63, 37, 15, 8, 34, 4, 71, 50, 68, 81, 46, 13, 9, 79, 91, 89, 45, 84, 95, 72, 23, 21, 33, 88
95, 10, 31, 52, 84, 6, 85, 72, 62, 88, 9, 22, 73, 82, 77, 67, 27, 36, 5, 33, 60, 76, 69, 47, 81, 66, 99, 87, 38, 61, 91, 71, 41, 29, 100, 68, 96, 42, 90, 53, 2, 13, 43, 46, 83, 92, 94, 48, 49, 50, 55, 93, 54, 58, 20, 75, 57, 12, 15, 63, 4, 11, 16, 64, 65, 78, 44, 7, 26, 17, 86, 28, 21, 24, 59, 79, 18, 74, 19, 80, 25, 32, 23, 34, 30, 35, 40, 70, 39, 56, 37, 89, 51, 45, 14, 3, 97, 98, 1, 8
12, 2, 50, 4, 65, 73, 29, 16, 46, 3, 5, 22, 54, 67, 83, 53, 40, 15, 82, 87, 75, 64, 94, 93, 23, 95, 60, 57, 31, 30, 38, 18, 33, 43, 79, 21, 9, 61, 17, 92, 47, 20, 68, 32, 48, 99, 34, 1, 86, 36, 51, 91, 88, 70, 85, 56, 11, 19, 59, 89, 42, 62, 63, 100, 76, 78, 71, 27, 69, 45, 25, 72, 41, 74, 7, 24, 26, 39, 97, 77, 81, 58, 96, 10, 55, 37, 14, 8, 6, 90, 52, 35, 80, 66, 44, 49, 84, 98, 13, 28
1, 95, 80, 89, 35, 38, 72, 88, 45, 69, 91, 6, 30, 98, 5, 16, 7, 84, 100, 24, 21, 22, 23, 4, 12, 26, 79, 32, 13, 10, 75, 92, 81, 66, 41, 86, 51, 71, 39, 36, 63, 31, 99, 83, 9, 11, 50, 48, 87, 78, 17, 52, 25, 54, 34, 64, 68, 28, 59, 97, 15, 42, 20, 44, 76, 2, 73, 90, 27, 70, 49, 8, 93, 82, 53, 57, 77, 67, 3, 19, 46, 40, 56, 33, 85, 62, 65, 60, 43, 61, 55, 96, 29, 94, 37, 58, 14, 74, 18, 47
47, 86, 19, 60, 40, 43, 97, 89, 78, 10, 33, 50, 46, 14, 76, 57, 70, 53, 64, 88, 49, 38, 25, 24, 23, 27, 80, 66, 91, 5, 22, 75, 92, 35, 6, 85, 12, 31, 2, 17, 36, 54, 20, 55, 48, 26, 94, 45, 29, 77, 18, 39, 30, 51, 16, 32, 63, 41, 99, 7, 4, 21, 13, 100, 56, 73, 11, 59, 52, 83, 61, 72, 68, 74, 28, 65, 93, 82, 9, 95, 67, 81, 1, 90, 37, 71, 62, 84, 34, 69, 98, 42, 58, 15, 44, 96, 8, 79, 87, 3
74, 84, 3, 4, 85, 7, 14, 54, 39, 92, 70, 58, 12, 90, 40, 62, 89, 56, 68, 44, 21, 66, 50, 27, 32, 42, 91, 100, 61, 67, 59, 15, 60, 28, 52, 36, 38, 6, 72, 29, 11, 2, 26, 17, 22, 46, 47, 48, 49, 94, 51, 9, 53, 35, 55, 81, 75, 76, 64, 63, 1, 31, 99, 33, 19, 16, 69, 71, 34, 83, 82, 30, 73, 87, 37, 86, 57, 78, 79, 80, 88, 24, 95, 25, 65, 41, 13, 43, 45, 23, 96, 10, 93, 8, 5, 20, 97, 98, 77, 18
1, 2, 28, 4, 20, 63, 66, 42, 51, 55, 62, 3, 12, 48, 24, 45, 37, 18, 74, 90, 38, 32, 23, 57, 65, 95, 27, 31, 92, 15, 46, 87, 73, 22, 16, 36, 14, 78, 19, 34, 82, 8, 67, 64, 53, 26, 77, 84, 7, 50, 5, 10, 86, 54, 79, 13, 60, 58, 21, 76, 49, 56, 6, 43, 40, 71, 47, 30, 85, 70, 35, 99, 41, 44, 75, 17, 89, 59, 93, 80, 9, 68, 91, 29, 39, 25, 81, 88, 33, 83, 52, 72, 61, 94, 11, 98, 97, 100, 96, 69
99, 2, 32, 67, 89, 8, 79, 37, 68, 13, 29, 17, 12, 47, 73, 21, 31, 86, 20, 15, 3, 5, 72, 7, 90, 26, 51, 50, 49, 30, 25, 100, 61, 81, 35, 96, 33, 38, 91, 74, 97, 11, 39, 16, 19, 48, 69, 14, 43, 45, 88, 64, 53, 54, 55, 62, 23, 9, 36, 60, 40, 93, 63, 18, 65, 56, 4, 82, 6, 70, 71, 44, 10, 1, 94, 83, 87, 57, 78, 77, 34, 24, 27, 28, 41, 84, 80, 58, 22, 85, 95, 92, 42, 75, 76, 52, 59, 98, 66, 46
63, 72, 95, 17, 90, 66, 30, 58, 37, 46, 51, 8, 41, 80, 71, 47, 15, 12, 33, 34, 26, 25, 43, 28, 27, 3, 64, 75, 74, 24, 14, 98, 77, 83, 49, 11, 78, 87, 39, 99, 84, 42, 5, 23, 45, 10, 88, 31, 35, 32, 36, 59, 53, 69, 55, 56, 68, 9, 65, 19, 1, 62, 52, 60, 82, 4, 7, 57, 81, 40, 38, 100, 73, 54, 21, 2, 86, 48, 79, 29, 94, 50, 13, 22, 44, 67, 70, 61, 96, 16, 6, 92, 89, 20, 91, 76, 97, 85, 18, 93
78, 56, 7, 43, 93, 16, 48, 5, 24, 41, 19, 33, 13, 23, 9, 35, 99, 82, 63, 20, 21, 39, 79, 45, 1, 6, 58, 76, 52, 14, 31, 67, 32, 84, 98, 83, 17, 38, 34, 95, 12, 15, 40, 87, 4, 88, 97, 57, 86, 72, 47, 81, 65, 59, 92, 54, 8, 29, 53, 62, 74, 60, 18, 70, 25, 42, 49, 68, 50, 26, 71, 89, 51, 3, 2, 55, 30, 44, 28, 80, 77, 73, 10, 64, 11, 100, 66, 94, 96, 90, 27, 37, 91, 46, 69, 75, 36, 22, 85, 61
39, 2, 67, 78, 14, 13, 58, 8, 9, 10, 11, 17, 73, 33, 15, 7, 59, 12, 22, 61, 40, 37, 88, 19, 32, 100, 30, 1, 82, 36, 43, 98, 69, 81, 75, 64, 93, 38, 74, 63, 6, 90, 84, 21, 35, 46, 55, 50, 53, 41, 3, 29, 70, 54, 44, 56, 57, 16, 27, 60, 20, 62, 91, 47, 42, 76, 18, 94, 5, 66, 28, 80, 26, 72, 51, 79, 77, 4, 52, 45, 65, 95, 83, 34, 71, 86, 68, 23, 25, 24, 92, 99, 49, 31, 89, 96, 97, 48, 87, 85
29, 54, 3, 49, 66, 4, 75, 8, 82, 55, 21, 69, 13, 22, 64, 48, 42, 23, 2, 20, 77, 39, 72, 36, 7, 26, 25, 28, 70, 81, 79, 16, 50, 19, 10, 12, 71, 86, 60, 98, 46, 67, 63, 87, 45, 43, 65, 47, 6, 32, 41, 52, 59, 27, 1, 17, 83, 96, 99, 88, 80, 62, 31, 14, 37, 34, 57, 40, 18, 84, 93, 91, 73, 74, 53, 76, 58, 92, 5, 61, 9, 56, 15, 68, 33, 30, 44, 78, 89, 11, 85, 90, 38, 94, 95, 100, 97, 35, 51, 24
3, 68, 34, 4, 73, 61, 19, 41, 79, 32, 92, 12, 77, 51, 81, 26, 52, 56, 94, 64, 100, 5, 78, 49, 63, 15, 14, 18, 1, 6, 10, 93, 33, 45, 35, 76, 37, 16, 39, 53, 75, 42, 60, 8, 27, 48, 11, 23, 24, 46, 38, 97, 84, 7, 25, 95, 58, 50, 9, 29, 96, 82, 2, 99, 47, 62, 86, 30, 13, 57, 83, 65, 69, 88, 31, 59, 85, 28, 80, 21, 55, 66, 72, 40, 54, 20, 87, 71, 22, 90, 67, 74, 70, 17, 36, 89, 91, 98, 43, 44
88, 47, 3, 20, 5, 74, 14, 6, 21, 98, 97, 12, 13, 59, 62, 100, 46, 43, 50, 8, 11, 10, 39, 45, 79, 64, 22, 24, 51, 75, 38, 71, 70, 7, 42, 18, 48, 40, 52, 63, 41, 4, 36, 9, 31, 17, 94, 27, 60, 29, 30, 87, 33, 61, 78, 55, 68, 16, 96, 83, 49, 80, 35, 73, 65, 66, 67, 37, 82, 90, 44, 58, 32, 28, 95, 76, 26, 77, 1, 34, 84, 69, 99, 53, 2, 81, 57, 19, 92, 25, 91, 23, 93, 56, 54, 15, 86, 89, 72, 85
53, 61, 25, 26, 82, 6, 2, 88, 57, 10, 27, 50, 86, 3, 14, 31, 19, 4, 46, 90, 69, 30, 23, 35, 13, 91, 24, 22, 67, 85, 16, 60, 59, 34, 62, 94, 8, 36, 74, 77, 41, 42, 73, 15, 79, 5, 32, 29, 64, 87, 11, 71, 92, 54, 40, 38, 84, 7, 43, 47, 44, 81, 66, 52, 78, 18, 72, 96, 58, 37, 20, 68, 97, 39, 75, 76, 89, 95, 49, 80, 21, 100, 83, 17, 70, 1, 48, 28, 55, 45, 9, 56, 93, 51, 12, 65, 63, 33, 99, 98
5, 39, 54, 29, 99, 6, 3, 36, 57, 10, 51, 100, 91, 69, 63, 23, 17, 60, 30, 86, 21, 74, 64, 24, 20, 79, 9, 73, 96, 27, 31, 92, 13, 48, 26, 59, 87, 46, 18, 93, 41, 50, 40, 80, 72, 45, 28, 95, 44, 14, 66, 65, 53, 49, 19, 12, 62, 89, 15, 98, 55, 35, 81, 70, 94, 32, 42, 68, 52, 33, 71, 58, 85, 77, 75, 76, 67, 34, 82, 8, 22, 38, 83, 43, 11, 25, 84, 47, 56, 90, 61, 88, 16, 37, 2, 78, 7, 97, 1, 4
32, 75, 5, 58, 61, 92, 93, 54, 41, 42, 70, 3, 12, 17, 57, 47, 46, 99, 87, 62, 69, 95, 68, 86, 56, 7, 43, 40, 13, 18, 72, 73, 28, 25, 77, 59, 37, 84, 35, 39, 50, 30, 27, 16, 24, 53, 44, 11, 89, 9, 51, 55, 91, 23, 100, 45, 19, 97, 22, 76, 31, 85, 20, 79, 65, 66, 67, 63, 21, 2, 71, 74, 26, 88, 90, 60, 8, 78, 4, 94, 81, 49, 15, 96, 83, 82, 98, 33, 52, 80, 14, 1, 10, 36, 64, 48, 38, 29, 6, 34
55, 57, 3, 60, 64, 71, 53, 47, 98, 20, 28, 59, 89, 31, 83, 46, 17, 66, 77, 68, 75, 22, 67, 87, 25, 11, 27, 69, 74, 30, 76, 70, 14, 90, 40, 86, 65, 56, 39, 82, 94, 96, 18, 44, 45, 13, 54, 48, 62, 50, 72, 9, 73, 8, 26, 93, 41, 58, 7, 1, 19, 49, 21, 35, 81, 37, 85, 100, 33, 61, 99, 43, 51, 10, 29, 88, 38, 78, 79, 80, 5, 32, 16, 36, 23, 15, 97, 84, 24, 4, 91, 12, 6, 2, 95, 52, 42, 63, 34, 92
41, 91, 3, 4, 63, 6, 25, 71, 2, 89, 48, 12, 1, 49, 60, 33, 17, 16, 98, 64, 9, 10, 77, 94, 35, 26, 75, 18, 59, 28, 72, 7, 81, 34, 47, 57, 20, 38, 87, 93, 23, 42, 65, 44, 83, 92, 85, 95, 40, 43, 82, 32, 84, 54, 55, 66, 11, 21, 62, 29, 61, 15, 5, 30, 58, 31, 56, 39, 45, 51, 80, 86, 14, 46, 79, 76, 100, 78, 53, 36, 19, 70, 8, 27, 50, 22, 74, 88, 68, 69, 52, 37, 67, 73, 13, 24, 97, 90, 99, 96
33, 54, 3, 76, 63, 91, 48, 100, 49, 6, 14, 12, 73, 13, 15, 40, 28, 45, 52, 20, 24, 72, 27, 10, 25, 26, 43, 17, 62, 59, 31, 99, 89, 41, 35, 92, 37, 81, 39, 60, 66, 84, 98, 75, 65, 85, 21, 34, 53, 50, 58, 70, 7, 42, 38, 2, 68, 57, 4, 23, 71, 47, 67, 18, 29, 44, 55, 32, 83, 86, 46, 9, 56, 74, 64, 36, 19, 30, 22, 82, 69, 78, 90, 8, 87, 97, 1, 88, 51, 77, 79, 11, 80, 94, 95, 96, 61, 5, 16, 93
22, 78, 3, 68, 18, 94, 23, 8, 52, 20, 66, 61, 37, 36, 15, 4, 9, 29, 88, 2, 80, 39, 91, 85, 33, 38, 57, 40, 86, 30, 90, 87, 5, 6, 56, 14, 10, 21, 97, 19, 32, 42, 17, 60, 63, 65, 64, 34, 89, 62, 48, 28, 13, 67, 46, 69, 70, 11, 51, 16, 73, 50, 74, 81, 55, 43, 47, 54, 59, 58, 71, 49, 27, 99, 75, 76, 77, 44, 79, 25, 1, 84, 83, 92, 24, 96, 98, 93, 72, 31, 26, 41, 45, 95, 7, 12, 53, 35, 82, 100
58, 79, 6, 42, 36, 80, 21, 16, 75, 68, 50, 32, 31, 99, 53, 25, 20, 13, 60, 37, 89, 38, 17, 94, 48, 61, 44, 77, 29, 10, 18, 12, 49, 82, 88, 1, 64, 43, 59, 93, 46, 4, 66, 57, 14, 96, 72, 92, 76, 5, 51, 34, 39, 33, 23, 8, 65, 2, 83, 9, 22, 55, 45, 56, 3, 85, 67, 28, 100, 70, 95, 78, 73, 74, 19, 40, 62, 87, 63, 52, 26, 47, 35, 84, 81, 15, 54, 27, 86, 90, 91, 98, 24, 30, 11, 69, 97, 41, 7, 71
95, 78, 55, 72, 3, 6, 76, 8, 9, 10, 74, 14, 5, 17, 57, 16, 39, 80, 15, 92, 21, 85, 11, 87, 75, 88, 53, 44, 29, 50, 34, 99, 81, 43, 60, 65, 54, 67, 56, 37, 41, 32, 4, 24, 45, 46, 47, 48, 49, 13, 35, 83, 91, 62, 40, 22, 33, 58, 100, 19, 97, 82, 63, 68, 64, 38, 7, 20, 25, 23, 71, 86, 73, 98, 12, 2, 18, 84, 79, 52, 42, 28, 51, 59, 96, 90, 77, 61, 31, 36, 27, 1, 93, 94, 70, 66, 69, 26, 89, 30
66, 42, 17, 73, 45, 75, 57, 8, 5, 86, 47, 59, 88, 15, 14, 16, 58, 18, 70, 38, 54, 22, 87, 24, 10, 9, 27, 97, 63, 56, 31, 76, 67, 25, 52, 53, 98, 44, 11, 85, 33, 46, 68, 91, 29, 61, 49, 55, 90, 50, 81, 35, 82, 71, 30, 12, 2, 92, 64, 37, 79, 62, 72, 48, 65, 1, 6, 39, 51, 41, 74, 60, 21, 100, 77, 96, 28, 7, 80, 36, 40, 32, 83, 84, 43, 13, 3, 34, 19, 26, 89, 20, 93, 94, 4, 23, 99, 78, 95, 69
1, 26, 61, 62, 98, 81, 60, 48, 2, 57, 64, 12, 97, 92, 36, 15, 67, 34, 43, 99, 17, 21, 83, 85, 13, 32, 27, 28, 49, 80, 59, 39, 33, 41, 35, 51, 37, 18, 22, 73, 25, 3, 20, 9, 69, 6, 47, 77, 90, 38, 31, 78, 53, 11, 46, 14, 56, 50, 45, 44, 65, 55, 89, 96, 4, 93, 88, 68, 7, 70, 71, 63, 19, 75, 42, 76, 58, 74, 10, 29, 5, 82, 95, 84, 24, 100, 87, 66, 72, 23, 91, 40, 79, 94, 16, 30, 52, 54, 8, 86
46, 92, 3, 24, 65, 8, 73, 40, 14, 10, 76, 4, 81, 90, 72, 61, 68, 66, 26, 50, 80, 78, 69, 85, 32, 44, 16, 35, 6, 63, 13, 33, 95, 34, 71, 41, 18, 38, 96, 87, 36, 93, 98, 86, 97, 60, 37, 5, 51, 12, 75, 52, 9, 49, 70, 56, 64, 39, 59, 48, 77, 54, 15, 19, 1, 45, 67, 27, 42, 57, 58, 31, 43, 79, 55, 20, 17, 7, 91, 30, 99, 28, 83, 84, 62, 89, 94, 21, 88, 53, 74, 22, 82, 2, 25, 47, 23, 29, 11, 100
85, 8, 76, 69, 19, 67, 94, 42, 70, 11, 10, 72, 57, 48, 30, 31, 7, 86, 58, 80, 74, 22, 59, 24, 56, 91, 15, 32, 29, 100, 54, 37, 63, 34, 49, 81, 96, 16, 71, 27, 41, 13, 75, 44, 53, 98, 79, 78, 47, 50, 51, 23, 89, 43, 62, 25, 40, 46, 5, 60, 65, 1, 33, 95, 52, 6, 36, 88, 61, 39, 14, 68, 84, 2, 35, 3, 77, 73, 20, 82, 92, 12, 83, 66, 90, 18, 87, 38, 93, 45, 97, 26, 99, 28, 64, 55, 21, 4, 17, 9
28, 3, 43, 62, 19, 92, 93, 87, 94, 10, 5, 6, 74, 14, 34, 72, 13, 76, 48, 51, 60, 79, 67, 61, 47, 53, 45, 1, 54, 17, 31, 49, 66, 32, 68, 46, 70, 38, 33, 52, 41, 42, 97, 15, 37, 36, 23, 75, 39, 99, 20, 89, 64, 27, 55, 29, 50, 91, 24, 96, 30, 86, 100, 77, 7, 18, 63, 12, 21, 11, 9, 65, 73, 71, 8, 26, 56, 85, 78, 98, 81, 57, 59, 69, 80, 84, 58, 88, 16, 90, 22, 25, 44, 2, 95, 4, 40, 35, 82, 83
1, 78, 63, 60, 47, 9, 67, 93, 95, 97, 33, 65, 35, 14, 15, 73, 75, 30, 71, 20, 17, 85, 5, 61, 68, 94, 6, 22, 19, 90, 31, 84, 100, 89, 70, 76, 77, 38, 83, 42, 86, 23, 7, 40, 45, 54, 36, 26, 34, 18, 44, 82, 16, 99, 43, 64, 51, 3, 59, 4, 92, 96, 74, 13, 62, 28, 69, 8, 11, 57, 48, 58, 56, 72, 80, 98, 41, 87, 79, 12, 81, 2, 39, 55, 66, 49, 10, 91, 46, 21, 88, 32, 29, 53, 52, 37, 50, 24, 25, 27
94, 2, 39, 6, 40, 37, 97, 68, 9, 10, 80, 85, 78, 49, 19, 16, 17, 36, 91, 30, 61, 71, 5, 83, 20, 21, 27, 28, 59, 23, 8, 50, 4, 34, 32, 60, 31, 74, 11, 53, 15, 88, 70, 62, 86, 76, 42, 95, 87, 92, 12, 24, 48, 54, 29, 56, 55, 73, 69, 52, 82, 65, 7, 64, 3, 58, 47, 25, 84, 43, 57, 22, 35, 77, 75, 18, 98, 66, 44, 51, 26, 13, 96, 72, 81, 45, 33, 67, 89, 90, 41, 79, 93, 1, 99, 63, 14, 46, 38, 100
75, 2, 74, 65, 62, 58, 94, 6, 90, 87, 23, 83, 54, 66, 15, 33, 16, 28, 91, 1, 21, 100, 11, 36, 73, 97, 8, 79, 48, 30, 22, 12, 42, 20, 25, 99, 40, 14, 45, 56, 60, 55, 77, 44, 84, 9, 70, 4, 43, 41, 29, 52, 78, 82, 31, 37, 61, 26, 59, 27, 13, 19, 96, 64, 38, 46, 67, 86, 57, 51, 89, 63, 93, 81, 35, 76, 49, 47, 32, 80, 3, 68, 95, 7, 18, 10, 53, 71, 5, 17, 98, 92, 88, 39, 24, 72, 85, 69, 50, 34
1, 51, 69, 98, 44, 24, 13, 8, 63, 92, 46, 12, 18, 21, 17, 16, 41, 60, 22, 31, 20, 50, 11, 27, 35, 82, 6, 85, 78, 36, 52, 28, 72, 91, 74, 15, 3, 38, 89, 47, 99, 5, 86, 4, 66, 65, 37, 100, 29, 58, 94, 14, 96, 93, 43, 42, 87, 90, 54, 25, 61, 75, 62, 64, 88, 70, 67, 48, 79, 9, 34, 95, 7, 53, 80, 76, 73, 39, 59, 83, 55, 33, 10, 84, 32, 56, 71, 68, 23, 2, 26, 77, 19, 40, 97, 57, 30, 49, 45, 81
24, 36, 13, 4, 18, 9, 46, 8, 3, 10, 44, 100, 6, 14, 79, 21, 12, 32, 28, 20, 90, 69, 27, 60, 17, 26, 75, 56, 29, 87, 57, 5, 33, 55, 35, 95, 70, 53, 41, 63, 51, 42, 98, 54, 78, 92, 65, 15, 49, 97, 1, 89, 38, 72, 61, 80, 62, 99, 94, 74, 58, 19, 22, 39, 16, 43, 2, 68, 86, 84, 59, 45, 73, 7, 25, 76, 67, 47, 66, 48, 31, 85, 96, 30, 11, 64, 52, 88, 23, 34, 37, 77, 82, 91, 40, 83, 50, 81, 93, 71
41, 88, 84, 99, 71, 8, 49, 64, 6, 10, 35, 48, 53, 1, 69, 16, 96, 51, 75, 85, 9, 54, 63, 98, 90, 78, 27, 2, 70, 43, 31, 17, 62, 50, 38, 36, 79, 13, 42, 40, 29, 55, 57, 21, 45, 80, 28, 37, 60, 91, 18, 92, 97, 65, 67, 81, 39, 58, 59, 86, 61, 52, 100, 77, 32, 68, 22, 19, 82, 46, 66, 44, 73, 74, 56, 4, 24, 30, 72, 47, 14, 11, 15, 20, 26, 95, 94, 3, 33, 25, 83, 89, 93, 87, 34, 12, 23, 76, 7, 5
87, 2, 42, 18, 83, 4, 7, 43, 3, 10, 73, 38, 94, 6, 22, 12, 17, 49, 16, 21, 84, 1, 88, 24, 78, 15, 23, 25, 61, 69, 20, 32, 41, 95, 92, 40, 37, 44, 90, 34, 75, 53, 64, 71, 36, 46, 72, 76, 98, 30, 63, 97, 79, 54, 56, 55, 5, 99, 59, 60, 33, 68, 28, 8, 65, 82, 85, 62, 70, 27, 11, 66, 91, 74, 67, 35, 48, 13, 45, 80, 81, 29, 93, 58, 86, 51, 14, 50, 100, 77, 19, 31, 57, 52, 39, 96, 47, 89, 26, 9
59, 69, 77, 4, 42, 3, 7, 8, 39, 15, 64, 57, 92, 66, 86, 16, 9, 31, 96, 98, 21, 89, 52, 36, 74, 33, 23, 72, 45, 56, 85, 87, 5, 58, 20, 82, 27, 93, 29, 32, 76, 17, 34, 44, 24, 47, 60, 81, 13, 88, 83, 37, 51, 12, 79, 30, 38, 43, 55, 65, 35, 62, 94, 90, 19, 63, 73, 68, 2, 91, 71, 78, 49, 25, 75, 54, 6, 46, 99, 50, 95, 18, 53, 48, 97, 11, 40, 28, 70, 41, 67, 22, 61, 14, 26, 80, 10, 84, 1, 100
81, 58, 49, 24, 16, 73, 44, 21, 14, 1, 66, 56, 9, 35, 15, 70, 10, 18, 69, 2, 47, 29, 23, 95, 7, 78, 6, 89, 51, 37, 77, 83, 3, 33, 45, 36, 62, 99, 39, 67, 34, 42, 86, 41, 12, 22, 98, 85, 54, 31, 13, 46, 28, 53, 55, 63, 71, 27, 97, 8, 61, 30, 80, 74, 65, 11, 82, 68, 100, 72, 57, 92, 17, 25, 60, 19, 20, 79, 5, 75, 50, 52, 32, 84, 26, 59, 87, 88, 38, 64, 48, 43, 93, 94, 90, 91, 96, 40, 4, 76
19, 18, 5, 56, 33, 37, 53, 97, 9, 4, 85, 38, 13, 66, 7, 95, 84, 77, 79, 22, 29, 48, 1, 24, 76, 58, 34, 94, 35, 39, 80, 68, 74, 88, 96, 36, 28, 30, 20, 6, 41, 42, 44, 70, 86, 65, 47, 31, 91, 50, 51, 72, 40, 59, 3, 8, 89, 52, 83, 55, 45, 62, 98, 2, 46, 75, 87, 32, 93, 64, 11, 26, 73, 99, 61, 67, 78, 82, 23, 49, 12, 43, 54, 69, 17, 92, 14, 60, 63, 21, 27, 90, 71, 57, 16, 81, 25, 15, 10, 100
15, 2, 40, 44, 100, 6, 51, 8, 37, 71, 24, 93, 13, 14, 69, 55, 5, 58, 39, 73, 67, 22, 91, 7, 65, 42, 43, 16, 36, 77, 98, 17, 57, 52, 81, 20, 19, 97, 46, 75, 88, 50, 95, 10, 45, 54, 47, 48, 82, 94, 64, 63, 4, 27, 66, 21, 29, 18, 59, 89, 61, 32, 23, 41, 25, 56, 38, 68, 87, 62, 92, 3, 9, 83, 33, 49, 34, 74, 11, 76, 70, 12, 80, 60, 85, 86, 90, 26, 35, 30, 78, 1, 96, 72, 79, 53, 28, 31, 99, 84
40, 64, 100, 96, 57, 6, 95, 52, 38, 99, 45, 12, 93, 18, 15, 69, 55, 58, 19, 72, 10, 27, 60, 31, 25, 47, 49, 67, 56, 97, 13, 65, 33, 98, 8, 30, 53, 43, 84, 39, 9, 22, 35, 28, 50, 46, 90, 82, 51, 76, 32, 3, 87, 71, 73, 29, 86, 21, 70, 74, 11, 36, 37, 63, 83, 24, 17, 34, 16, 80, 7, 1, 42, 44, 14, 75, 79, 91, 77, 89, 81, 48, 68, 20, 94, 85, 2, 92, 61, 66, 78, 59, 88, 62, 54, 4, 26, 23, 5, 41
6, 40, 65, 4, 51, 72, 80, 78, 43, 2, 57, 1, 13, 89, 64, 10, 17, 83, 37, 76, 21, 5, 46, 24, 49, 35, 82, 28, 27, 93, 73, 95, 53, 34, 33, 36, 69, 15, 63, 54, 30, 86, 81, 20, 3, 67, 85, 48, 45, 50, 31, 58, 100, 7, 29, 32, 19, 52, 74, 66, 42, 62, 92, 56, 26, 22, 99, 68, 77, 14, 55, 44, 18, 39, 75, 71, 61, 79, 8, 59, 96, 60, 84, 47, 25, 98, 87, 23, 70, 90, 38, 9, 41, 94, 16, 91, 12, 11, 88, 97
34, 22, 87, 12, 76, 16, 41, 8, 85, 77, 65, 9, 98, 59, 79, 81, 17, 18, 19, 95, 21, 75, 1, 20, 3, 24, 32, 100, 51, 66, 78, 27, 69, 23, 37, 36, 10, 55, 56, 5, 92, 4, 62, 44, 6, 50, 47, 93, 49, 82, 86, 15, 58, 54, 31, 39, 48, 2, 28, 84, 61, 45, 94, 97, 29, 72, 64, 74, 42, 25, 90, 14, 73, 67, 96, 30, 91, 53, 89, 26, 99, 70, 7, 60, 43, 35, 52, 38, 13, 63, 11, 88, 83, 71, 46, 33, 80, 57, 68, 40
7, 83, 82, 75, 5, 9, 39, 29, 62, 63, 26, 16, 13, 80, 99, 94, 78, 11, 8, 84, 21, 97, 88, 24, 15, 89, 58, 28, 47, 57, 46, 66, 81, 42, 87, 14, 37, 38, 51, 40, 77, 76, 73, 69, 1, 86, 35, 71, 49, 50, 79, 17, 53, 72, 4, 36, 45, 65, 12, 60, 27, 52, 48, 64, 85, 20, 67, 54, 91, 32, 59, 56, 90, 34, 30, 31, 70, 19, 74, 92, 61, 41, 2, 3, 44, 33, 98, 25, 55, 23, 18, 6, 93, 10, 96, 95, 22, 43, 100, 68
55, 70, 12, 23, 76, 69, 4, 5, 2, 10, 46, 78, 48, 66, 15, 1, 81, 77, 27, 93, 83, 94, 9, 60, 36, 29, 53, 61, 44, 6, 31, 39, 79, 80, 37, 87, 33, 71, 54, 16, 41, 85, 43, 32, 35, 13, 64, 40, 38, 25, 51, 7, 45, 99, 58, 56, 84, 68, 97, 19, 52, 57, 22, 11, 65, 96, 24, 3, 59, 90, 67, 72, 88, 100, 75, 17, 26, 86, 47, 21, 20, 62, 89, 42, 63, 8, 92, 73, 28, 82, 91, 30, 50, 49, 95, 14, 34, 98, 18, 74
8, 90, 95, 26, 5, 88, 51, 36, 87, 74, 16, 99, 42, 59, 15, 9, 17, 98, 73, 80, 96, 11, 29, 24, 34, 32, 70, 100, 57, 64, 76, 65, 33, 31, 58, 56, 67, 6, 77, 2, 41, 48, 7, 44, 22, 82, 61, 91, 49, 50, 83, 52, 53, 47, 4, 63, 37, 30, 27, 84, 79, 62, 25, 21, 20, 43, 45, 14, 69, 75, 81, 97, 86, 13, 92, 78, 39, 10, 54, 23, 19, 72, 66, 28, 12, 68, 85, 40, 89, 71, 1, 3, 35, 94, 38, 46, 18, 55, 93, 60
82, 21, 25, 4, 97, 65, 5, 48, 93, 40, 20, 12, 13, 81, 32, 7, 46, 18, 43, 54, 31, 3, 68, 24, 30, 27, 8, 17, 29, 58, 79, 76, 60, 50, 28, 75, 26, 38, 83, 10, 96, 14, 95, 49, 85, 62, 53, 22, 99, 56, 44, 52, 90, 37, 87, 72, 86, 23, 59, 35, 63, 73, 39, 9, 94, 36, 67, 88, 98, 70, 33, 15, 34, 74, 41, 80, 66, 51, 100, 57, 77, 47, 2, 84, 89, 42, 78, 1, 45, 55, 91, 92, 61, 71, 19, 64, 16, 6, 69, 11
72, 65, 40, 33, 87, 99, 52, 77, 25, 23, 91, 81, 19, 9, 15, 48, 4, 34, 64, 68, 92, 94, 55, 21, 30, 26, 27, 89, 20, 83, 31, 49, 100, 18, 3, 37, 35, 62, 88, 76, 16, 42, 58, 69, 45, 7, 96, 60, 36, 50, 28, 70, 75, 54, 53, 56, 57, 85, 90, 32, 13, 2, 8, 38, 78, 66, 61, 46, 44, 29, 43, 10, 73, 97, 41, 24, 11, 79, 39, 63, 47, 82, 95, 84, 6, 67, 12, 22, 80, 59, 5, 51, 14, 1, 17, 86, 74, 98, 93, 71
24, 11, 87, 35, 79, 1, 54, 91, 19, 77, 39, 37, 67, 65, 45, 46, 33, 68, 78, 86, 18, 95, 8, 52, 56, 61, 4, 34, 60, 38, 31, 13, 96, 84, 49, 36, 55, 2, 66, 40, 72, 42, 100, 41, 63, 3, 47, 30, 26, 97, 51, 23, 7, 94, 98, 10, 85, 58, 17, 50, 5, 62, 28, 83, 74, 25, 69, 57, 92, 15, 59, 48, 73, 44, 75, 6, 53, 82, 76, 80, 81, 99, 22, 12, 21, 20, 32, 88, 89, 90, 27, 29, 64, 14, 43, 70, 71, 9, 93, 16
7, 93, 3, 79, 47, 59, 65, 49, 70, 10, 19, 69, 67, 14, 32, 18, 17, 98, 31, 20, 11, 73, 44, 81, 25, 78, 61, 100, 72, 89, 71, 29, 57, 39, 23, 36, 37, 55, 51, 40, 77, 2, 26, 74, 76, 54, 21, 50, 8, 75, 56, 60, 53, 41, 38, 34, 33, 58, 88, 52, 1, 62, 95, 94, 43, 66, 16, 68, 45, 5, 99, 97, 4, 96, 85, 35, 30, 15, 90, 63, 48, 82, 6, 84, 87, 86, 64, 83, 80, 27, 91, 92, 13, 12, 42, 24, 28, 22, 9, 46
55, 71, 18, 12, 75, 95, 20, 77, 9, 79, 8, 29, 13, 10, 17, 86, 40, 27, 19, 24, 66, 22, 7, 46, 5, 70, 4, 59, 11, 30, 31, 61, 2, 74, 1, 16, 48, 26, 39, 14, 41, 42, 82, 44, 83, 97, 52, 58, 49, 76, 51, 88, 69, 45, 15, 80, 57, 64, 100, 96, 63, 67, 87, 37, 32, 21, 47, 43, 60, 6, 50, 68, 54, 56, 98, 65, 84, 36, 99, 28, 81, 73, 33, 38, 85, 72, 53, 35, 89, 90, 91, 34, 93, 94, 92, 25, 78, 23, 3, 62
43, 44, 49, 78, 19, 31, 5, 24, 87, 3, 85, 63, 77, 20, 15, 2, 89, 11, 29, 60, 18, 52, 90, 8, 16, 45, 64, 56, 27, 30, 51, 83, 48, 13, 62, 74, 37, 7, 97, 40, 94, 42, 66, 33, 14, 22, 47, 6, 39, 35, 17, 50, 58, 73, 69, 91, 57, 70, 55, 96, 28, 41, 59, 21, 65, 95, 61, 80, 32, 99, 71, 26, 34, 68, 72, 76, 9, 4, 10, 53, 81, 67, 46, 84, 82, 36, 75, 88, 25, 54, 92, 38, 100, 1, 12, 86, 79, 98, 23, 93
60, 58, 45, 5, 94, 8, 25, 30, 35, 10, 46, 13, 43, 14, 23, 89, 17, 36, 16, 32, 87, 1, 3, 57, 11, 20, 9, 56, 29, 18, 71, 6, 27, 91, 98, 28, 99, 15, 75, 93, 74, 83, 54, 65, 79, 40, 48, 69, 19, 50, 62, 80, 97, 24, 55, 31, 88, 41, 73, 51, 61, 92, 95, 63, 49, 42, 44, 68, 26, 82, 4, 52, 78, 66, 96, 21, 77, 38, 72, 37, 59, 22, 100, 7, 85, 64, 70, 33, 90, 76, 39, 34, 47, 81, 12, 86, 53, 67, 84, 2
59, 54, 55, 34, 16, 33, 32, 84, 93, 10, 56, 2, 92, 62, 88, 45, 72, 9, 8, 20, 58, 89, 66, 81, 25, 30, 27, 69, 77, 17, 37, 60, 26, 99, 79, 42, 78, 80, 24, 40, 82, 97, 87, 29, 53, 57, 94, 48, 19, 70, 36, 65, 1, 11, 41, 68, 46, 31, 44, 5, 61, 18, 12, 64, 51, 75, 67, 38, 28, 85, 71, 4, 52, 83, 7, 14, 74, 21, 35, 39, 90, 86, 63, 50, 13, 73, 43, 98, 22, 95, 3, 6, 23, 47, 15, 76, 49, 96, 91, 100
64, 5, 62, 13, 44, 6, 45, 85, 78, 43, 71, 88, 72, 4, 15, 33, 96, 36, 55, 86, 59, 48, 77, 35, 9, 19, 42, 14, 47, 11, 31, 32, 82, 34, 50, 18, 83, 38, 81, 40, 94, 99, 1, 53, 58, 22, 29, 28, 37, 61, 67, 52, 63, 54, 8, 41, 74, 12, 65, 27, 57, 21, 100, 91, 20, 56, 93, 66, 89, 46, 10, 70, 73, 16, 26, 76, 90, 24, 75, 80, 68, 84, 79, 39, 30, 69, 87, 23, 60, 17, 49, 92, 2, 95, 7, 51, 97, 98, 3, 25
38, 54, 3, 4, 60, 22, 63, 84, 95, 14, 36, 12, 5, 56, 40, 19, 61, 66, 79, 7, 81, 13, 6, 93, 89, 97, 30, 26, 65, 8, 31, 24, 76, 34, 23, 57, 68, 96, 16, 18, 41, 80, 11, 42, 45, 53, 50, 49, 87, 47, 51, 78, 55, 44, 88, 15, 74, 58, 94, 71, 1, 62, 2, 25, 9, 20, 67, 69, 85, 100, 52, 82, 99, 46, 75, 33, 10, 98, 28, 27, 59, 72, 48, 90, 37, 86, 17, 83, 73, 35, 91, 29, 43, 32, 77, 39, 21, 64, 70, 92
32, 64, 86, 99, 71, 67, 76, 8, 88, 1, 60, 44, 51, 68, 15, 85, 7, 10, 79, 20, 96, 17, 75, 84, 80, 3, 27, 93, 83, 78, 38, 100, 33, 34, 50, 77, 23, 36, 21, 39, 92, 56, 43, 69, 13, 87, 49, 22, 2, 95, 41, 52, 30, 28, 55, 42, 25, 65, 54, 12, 90, 6, 63, 24, 31, 66, 37, 40, 97, 89, 5, 4, 73, 29, 59, 72, 61, 94, 70, 35, 26, 82, 16, 18, 48, 47, 46, 14, 53, 58, 91, 19, 74, 45, 81, 98, 62, 11, 57, 9
